[ flux,k,iter ] = EigenSolver( 4,0.1 )

flux =

    0.1131
    0.2170
    0.3126
    0.4003
    0.4810
    0.5551
    0.6231
    0.6857
    0.7431
    0.7958
    0.8442
    0.8886
    0.9293
    0.9667
    1.0010
    1.0324
    1.0612
    1.0875
    1.1117
    1.1337
    1.1538
    1.1722
    1.1889
    1.2042
    1.2180
    1.2305
    1.2418
    1.2520
    1.2611
    1.2692
    1.2764
    1.2827
    1.2882
    1.2928
    1.2968
    1.2999
    1.3024
    1.3041
    1.3052
    1.3056
    1.3053
    1.3044
    1.3028
    1.3004
    1.2974
    1.2936
    1.2890
    1.2837
    1.2775
    1.2704
    1.2624
    1.2533
    1.2432
    1.2320
    1.2196
    1.2058
    1.1906
    1.1740
    1.1556
    1.1355
    1.1135
    1.0894
    1.0630
    1.0342
    1.0028
    0.9685
    0.9311
    0.8902
    0.8458
    0.7973
    0.7445
    0.6870
    0.6243
    0.5561
    0.4819
    0.4011
    0.3131
    0.2174
    0.1133


k =

    0.6023


iter =

   523